1.4588907762116907 -0.7697416097242313 1
0.03237765121680233 0.46767836562558496 0
0.09402447640869921 -0.10090339251263797 1
-0.6061686267526754 0.4651310105063352 0
0.1661000575371198 1.266530884368092 0
0.8783141996073306 1.0511644289372857 0
-0.011596100684613073 0.28067301277291845 1
0.49793039182695115 0.06484578978505193 1
-0.701059363283319 0.45897326519201326 0
-0.6117663433652974 0.6988345506882472 0
1.7701349361803578 0.16058934639931358 1
2.0756361777373717 -0.16751147086966914 1
-1.3031031458296432 0.43159415772395127 0
-0.6597099845687866 -0.34913553304469935 0
0.7395748229892234 -0.18267687957244222 1
-0.6186160920915083 -0.05179014068014903 0
1.253674873738921 -0.6854770528221676 1
1.2178960287132936 -0.33921918460801576 1
0.03625053864495836 -0.35707336228433406 1
-0.7959927509694038 0.6734667162583756 0
-0.2579067132391968 0.4655687791187815 1
0.3438975737442211 -0.33667030066509834 1
1.123010878128849 0.37541233031177246 0
0.20040598120991074 0.03479475386323605 1
-0.14119150340893907 0.2500124841332605 1
0.6220088720772569 -0.5846826267872249 1
0.440244957360599 -0.22773688595618025 1
1.6826292709638242 0.16186447886423763 1
0.15701695579873118 0.9468674785913216 0
-0.7378139615967461 0.9321122255076499 0
0.6735139676775843 -0.8147472885935214 1
-0.13909597715027366 -0.26840253695926375 1
-0.9827063356144856 0.36149545315276005 0
-0.46812315760366585 0.9529537376210292 0
-0.5303669414691834 0.6829034537060692 0
0.21852917666132515 0.11392337868720923 1
1.9500724020647973 -0.38094408416104864 1
-1.1171641500264717 0.48182821896322237 0
0.2177913029439638 0.14163091107550083 1
0.10114323969463264 0.3570209301172777 1
0.6246218590779948 -0.40397207016363945 1
-0.8873318702562407 0.782174342508241 0
0.6386830210192832 -0.736936786910526 1
0.4257441059437527 -0.41424665592738197 1
2.312674036564423 0.30756836462183035 1
0.1856873266678613 0.06229271835452878 1
0.4016138652536405 -0.29778292712478166 1
0.8501312670851373 0.03096317033829027 0
0.5704427673573471 -0.33470446994091074 1
1.5566857672186578 -0.3297209681680302 1
-0.8128622937866468 0.6785625633711294 0
0.797227227769612 -0.3627356949216805 1
1.0849892081101786 -0.4276791370009002 1
-0.7501805507752489 0.4789789591377862 0
0.7008093479414836 0.9727838549869738 0
2.0458059554835377 0.2465686164894253 1
0.9350011551769313 0.5480928232915941 0
0.8138980358559829 0.4748628495449669 0
2.053862063039186 -0.35986998831725114 1
0.763186725844376 0.530497083565899 0
0.19844221246413674 -0.3536765838510449 1
1.3972777873561553 -0.23370608675255022 1
1.3857642146108433 -0.47487123144837784 1
0.7547324512677409 0.3458810425861106 0
2.090662257478419 0.2557861589369016 1
1.0881253852883048 0.6801046588534478 0
0.31342119199133933 -0.38505889997051057 1
-0.1153644926425968 1.0768392213213156 0
2.0891215145812185 0.07357062364778794 1
-0.5938153320331515 0.47675133662497576 0
-0.8563431369752801 0.5583118676694011 0
0.8710673834829468 0.5274107976641706 0
1.3403024951358697 -0.6846524658937525 1
0.521171519633976 -0.404285622496792 1
-1.048763433909596 0.46028036488009094 0
1.78414185645128 0.07301263438162464 1
1.7204742118843592 -0.06661330082541161 1
0.6602646679907331 -0.8718886527482871 1
1.6294124628727333 0.13884525433637823 1
1.383002853827776 -0.42563040334799535 1
0.2081322300323022 0.3383772411533065 1
1.7645028648326344 -0.20714305286933898 1
1.745531421795582 -0.2999568399326753 1
0.028446817765596825 0.31477743791828033 1
1.972934556403382 -0.17071606707684983 1
-0.6040028250916969 0.3416757512588283 0
0.5074469747789518 -0.34735574194019714 1
0.7691291678504553 0.7937014012490908 0
-0.957474458310961 0.3580137139886264 0
-0.38326211582776254 1.0994098927519576 0
0.23922441499021196 0.10250059441178105 1
0.7896831963480614 -0.09318296900156253 0
0.19101340099709307 1.2732181643539193 0
2.4542864752007527 0.07626304127389102 1
0.5262524867499659 0.35671625662438383 1
-1.342665085974292 -0.18856336648723238 0
0.039647544672793966 1.0733010161429521 0
-0.21343503037705708 0.7088776791010601 0
0.6081074271360836 0.45804067487372707 0
0.5224359745239627 0.7724884474552615 0
-0.6125620893463345 0.4189990603072946 0
1.0359215821296468 -0.7321803797841981 1
-0.34226444428010416 0.8019035101417433 0
-0.023194682056844454 0.7253220587324638 1
0.93485910369395 -0.3232954651282549 1
1.045955348494433 0.07767458428067348 0
0.10237366295096553 1.1379026944118225 0
0.09199269691853117 0.24676506545049465 1
0.7596670870758212 -0.2789483845590228 1
0.053649213153494635 0.7811102896992581 0
0.5427032055601413 1.114113621518031 0
1.261279764016922 -0.4302811313814977 1
-0.3115886935585691 0.9082795066366895 0
1.9233851221737446 -0.17254136232281755 1
-0.07731476033823766 0.6414749736805021 0
-1.054451437759476 -0.03017823617905567 0
-0.03424019042370463 1.147962656320123 0
1.7492849815850458 0.28584442754809924 1
-1.1025559898422295 -0.1697235885874439 0
1.4507463916783683 -0.028022668809896845 1
-1.0092851825274651 0.22159457322545573 0
2.05289373380944 0.2329924450953676 1
0.37633518695610085 0.13742997413771013 1
1.0851849898769648 -0.21377279369737676 1
1.9051744710646654 0.1696753878866042 1
0.5735402705314805 -0.042948425661422596 1
-0.6620517949262098 0.37431944144683826 0
1.01168822749563 0.6997980579524438 0
0.38076888755867844 -0.337050725200992 1
0.2314088271010788 0.8737203626807917 0
-0.14252720070506852 0.07235269104400115 1
-1.057738202442553 0.8850679689583095 0
0.06505835737103013 0.22147234835019128 1
0.3911000111936402 -0.3766903620818426 1
0.12627828015580778 1.1749095944763517 0
0.7647618828048813 -0.5207879567209286 1
0.4245754452504182 -0.7095504671209079 1
1.2758920707194308 0.3510834342883967 0
0.16491853832931447 -0.4775635121061838 1
1.1724167717025367 -0.5033217433745399 1
-0.37492449366162117 0.7665544210370234 0
-0.33557476465668135 0.781515577612823 0
0.679143574288181 -0.4661430424318081 1
-0.04219539370798861 1.0465911877402414 0
-0.9931037246673255 0.07373134250379326 0
1.64790812107533 -0.5982881735518979 1
-0.5993816561076508 0.846310025406243 0
0.6457572156715532 1.12118390327084 0
-0.7176754129785277 0.46829226415735775 0
-1.0351790872792614 0.3437526259766652 0
-0.9403468066604415 -0.03306456282038798 0
-0.924067147630156 0.5153396922938589 0
0.8440463589629409 0.11566959883377517 0
-0.11608482488797273 0.2262341280720071 1
-0.559117297053437 0.569374659147056 0
0.4507373366115959 0.7386385962353146 0
-0.12680696669428493 0.7971123890949071 0
0.19832695153412908 -0.05042440206471588 1
-0.05448459152494674 1.1320974024476635 0
1.2292159683711992 -0.44728573594035315 1
0.3103487866476251 -0.4034387798329887 1
0.8890180297261023 0.3473628678540478 0
1.1599902723488096 0.7604436447478384 0
-0.5706609290283937 0.06625008906786178 0
1.0933190093403966 -0.2792721484545471 0
0.7473008060697028 1.169791359257867 0
0.14310602393696806 -0.032047211351995175 1
1.405245596832531 -0.431610162460232 1
0.8960323488818581 -0.5468582107989173 1
2.0652030632014666 0.12734096067044637 1
0.31270705892744477 -0.5583348009887189 1
0.04078281785655913 -0.399660199068865 1
1.010901829945614 -0.4761834141375682 1
0.5377988405400081 -0.2586048770674289 1
0.10335673041966342 0.27484007741469985 1
1.816650517296013 0.27993168863763696 1
0.5167215023620684 1.1151669119445669 0
-0.017991961754828173 -0.1598014394200825 1
1.712419545687266 -0.15739602369489142 1
-0.6156877493421681 0.5143242511565623 0
-0.828954504886601 0.49968026965231344 0
0.038296192965472015 0.8028873133771763 0
1.3310488623831143 -0.44195788332291863 1
-1.0651116174434643 0.7482447424319021 0
2.009526883197399 -0.25340498783499915 1
-0.3921268052495803 1.2724099664112587 0
-0.08109562623834957 0.1561977085218859 1
1.2266441244037987 -0.40915492088644734 1
0.44818293264083564 -0.44923177289308425 1
0.012579763123984317 0.9493727419154626 0
-0.8277283121051324 0.2233045193696193 0
0.6235520638300434 0.7657725608793032 0
1.006328567186534 -0.47521872832622086 1
0.9151580013858076 -0.30569496030786225 1
1.908956280453455 0.20393589226799508 1
0.28260586787903913 -0.05358000471793724 1
0.3816244998185332 -0.15904943971159702 1
0.8014747931384334 -0.16056799998691104 0
0.8517613171898712 -0.4217908849648008 1
1.915418280003222 0.10844786787746713 1
0.5158306721390875 0.6580402855474214 0
0.712085868856421 0.6714714471432806 0
1.0510767262038216 1.0678143294559537 0
0.9446569208667446 -0.28023264206645226 1
0.25379076316671767 0.7021637752912399 0
-1.2343844159853263 0.1423939619130099 0
0.14674438500133047 1.0975915808537988 0
1.44716157260996 -0.46712058891596325 1
-0.5844977623861483 0.8200371013654978 0
0.19848409581894752 -0.2764729223643898 1
0.3184447855120844 -0.019654396571902016 1
1.5698541063518887 -0.09002667676719789 1
0.41925948477090896 -0.44637465404369464 1
1.3780557959280884 -0.40772777879489086 1
0.015389419892747728 0.36403183902549585 1
-0.010164648530178481 0.6289819552889011 1
0.14358098451080056 0.25305026007913545 1
0.42698032440533695 -0.04940197811932534 1
-0.6876632275701786 0.9954957186772095 0
0.42236096641205506 0.8307553761432498 0
0.07414996968500978 0.46002063654096903 1
0.43006325416328317 0.7236924258772668 0
0.1151794578098971 -0.0890058312279457 1
1.6690707873190638 -0.023552786431334266 1
0.3535077673463033 0.7482797054924074 0
1.8356567434004067 0.036632191581941295 1
0.599844639606349 1.1801628343048627 0
-0.08706031788941754 0.40666443765056326 1
-0.11237307998808703 0.7096164333821309 0
1.1476859331595135 -0.502089163821271 1
0.6607556653235174 0.9615491096658448 0
0.8067160871507428 -0.6792432991169726 1
1.360464633444062 0.2306875100321451 0
0.855594482772642 -0.09172611433585537 1
-0.3167367900896807 0.9821331469380005 0
-0.9248016537079553 0.5362050368312431 0
0.2959708586076875 0.9341648966609456 0
-0.3608068412106088 1.1214947798515258 0
-0.8368333748823902 0.5810282457079855 0
0.7576635888004553 -0.5721415316905292 1
2.151493433309838 0.23354761740086072 1
0.5866080715726827 0.6305413653477009 0
0.6601749685627883 0.39694403592186567 0
-0.8659171904259725 1.0212087097850375 0
0.46709528196697053 -0.0983911299624928 1
-0.469907405393165 1.1538319869980609 0
-0.3308071435386365 1.268072558307191 0
0.7539242876035537 0.05684610479078783 0
1.4968841523424061 -0.5151001041999382 1
0.4768417797658496 -0.892451051685019 1
1.7744587484323973 -0.2800597155228682 1
1.3026471438325187 -0.5139850824640716 1
2.0494600909908174 0.18457096356693412 1
-1.3090244050400366 0.15969143467999958 0
0.010523730464101166 0.5150552747897428 1
-1.0313498463469666 -0.03460892182831543 0
1.7933135703062368 0.41168785125552443 1
0.4284989151442594 0.5877103466708599 0
1.3401624495206623 -0.9997624330034117 1
1.242806463684483 -0.7785974874535979 1
-0.8716099091195868 0.9055420883792802 0
0.04366289173157528 0.8840775163506898 0
-0.7879258025313031 0.871308324025668 0
-0.10459061349792509 -0.4012457336130876 1
0.17278552473855874 0.7860408350124518 0
0.09098630671602953 0.9766052934506915 0
0.0019091518254572733 0.18485120556141932 1
2.208651216884679 0.32672039814151344 1
1.1600071266746763 -0.3694756912673512 1
0.890552059936789 0.19643311147626008 0
1.5669392046851067 -0.3619154102502979 1
1.7518605655078612 -0.35134855573467144 1
-0.8148923472336649 0.5026630334010679 0
1.0628616619055 -0.25741148158711846 1
0.2716003419656869 0.10091230590290234 1
2.3239903313567494 0.4464788573414763 1
1.8847671915903133 0.3279560126688273 1
-0.7579183445990006 0.5361409117600561 0
-1.2129257654638383 0.6996186274605465 0
0.4270870284468754 -0.7347112080859799 1
0.6294909395672983 -0.3258301650081013 1
1.2576107475854323 -0.3505299170656778 1
1.6837847288172965 -0.15450320341595403 1
1.1483513722980445 0.5695759008186382 0
-0.688108139033742 0.6499268287742443 0
-0.26094212672254835 0.8747781433816804 0
-0.25122569788537896 0.18768178945675693 1
2.1293607668723906 0.04423436739773767 1
1.557570612979069 -0.18315731410819458 1
0.5470793688680307 0.6965710071568609 0
2.259821754295915 0.4342379913152692 1
0.6434417116010245 0.09671890052428095 0
0.11950792892759587 0.6094134961642731 1
-1.3171333389308804 0.5987647406398503 0
-0.010055580279268894 0.670379875852449 0
0.7699125197205359 0.35406102447550447 0
0.5486661448107373 1.0603678635028708 0
-0.9246859575651616 0.6176420889756906 0
0.1134972879501257 0.9497119393649487 0
1.7821520695404465 -0.1830718513906423 1
1.8649284180196406 0.3315894058311132 1
0.7645623487282398 0.6511583571716483 0
1.7566513225609524 0.7129982633158208 1
-0.761254428203681 0.5899256885122095 0
0.12721474745116915 0.08914799321543831 1
0.04093973650539964 0.34908917538612294 1
1.139065532589509 -0.8188178884791961 1
-0.9701239490013883 0.3343752781987923 0
0.977308850536615 -0.6575115667123612 1
-0.15375327986557003 0.1204210836799638 1
1.6779717324846708 -0.4067998677600428 1
1.7464969171622013 -0.16265533842999472 1
0.7525910524005593 0.9730365586490228 0
1.0125200088366255 -0.5127163149820653 1
1.4427165690584867 -0.44931941929424224 1
0.9467367268031037 -0.5987209291652597 1
1.8260357002554857 0.015698506443737464 1
1.8054921886714754 -0.13144156082318534 1
1.9108570772200928 -0.11055930524435571 1
-1.2418078491737645 0.31217683291479453 0
-0.9675411718590551 0.20104916821374502 0
-0.43508539765647813 0.895439599049794 0
0.054346810999415296 -0.0567067447304976 1
-0.8644727360225726 1.056738908409 0
-0.13012162052707021 0.18667528726425653 1
0.9997929926725253 0.5214512028437025 0
2.1399881271728094 0.31170701912128135 1
0.13352969553871102 0.67289942684165 0
0.6573026936633508 -0.25329922548557704 1
1.850158770190337 0.68506295110182 1
0.4952674987485115 1.3354250694228993 0
0.3943234332257238 1.1254205069546261 0
-0.4594322980501654 1.3771522489584096 0
0.642495780874353 0.5240362349093686 0
0.7824153471268384 0.18643515484177312 0
1.9945228374270656 0.4936093220149361 1
-0.6381860518588118 0.7557102528086238 0
0.8426347371725966 0.6257023320860017 0
0.8308811927082003 0.48449579416995436 0
2.051549379101457 0.4766929273620971 1
-0.95112194398144 0.7387056746807277 0
-0.7362093514538338 0.06662388015484078 0
1.4394904737052454 -0.23222569199692802 1
0.11937312350070246 1.1036857737362948 0
0.4203861486065254 1.227468609464124 0
-0.23354155454105624 0.20642872174432678 1
0.1918888829829529 0.8691404485946725 0
1.037070233979398 -0.5362113424975049 1
0.09560756656165499 -0.1093054226600696 1
0.711134564610143 -0.7482025663465145 1
1.0092187361122265 -0.3504947588831451 1
-1.1705555335947697 0.3399468663122974 0
0.9340978866587302 -0.2727087287167208 0
0.0343335156829174 1.21899545683835 0
0.5179580817476949 0.9584089213503286 0
1.8385823669464187 0.226335200364893 1
-0.5622844647017258 0.42444574196774987 0
0.6287994522454528 -0.5067667095647029 1
1.8161677528390412 0.3830735888447136 1
0.3076114591292874 -0.3507125578490738 1
0.4203353050289268 1.2765047625885626 0
0.46437826533478543 1.0782240299354349 0
0.060457872240845534 -0.042506244624378006 1
0.8061298016908762 1.1458579871505337 0
-0.38124796226940977 0.48058804695964275 0
0.16581700576402914 -0.253211534186891 1
0.8188132688785755 -0.5419448910147691 1
-0.20940609776712693 0.449768244749755 1
0.4309513446862602 -0.776971833732071 1
0.17326048613341818 0.9830651667983552 0
0.5633365118492865 0.6213332638725478 0
1.903399025117925 0.19563681902341873 1
0.17969343804126753 0.5233657738027322 0
1.8238829439543953 -0.15867533002379874 1
0.23248419850576324 1.262379663552473 0
1.69623612828753 -0.4478875089460589 1
0.7895913173613845 0.3871241793578778 0
1.2417543247502054 -0.7761327575234094 1
0.11112187776177881 0.2827248889259091 1
0.13118484563462732 0.5522136235549594 1
-0.6540572029751348 0.6283094594940897 0
1.536098857040094 -0.6521464427418062 1
1.6160554839458952 -0.27392149794288734 1
2.1579519735047343 0.3311501062503388 1
1.9711418771304312 0.1802033898286894 1
0.3303690864118 0.8724158871365219 0
-0.8094831120983386 0.3538801596034234 0
0.4856156208034468 -0.5328439850239372 1
0.7660231189165321 -0.17472381691311833 1
1.4002134900712355 -0.44241236127840283 1
1.3232795973076605 0.18883219295787895 0
-0.2912300103302389 1.1992308193569268 0
-1.1312794601984653 0.28595542413975245 0
-0.19298309338054415 0.5949321442706774 0
1.028147814811502 0.2941441772928103 0
-0.6927733198883854 0.5831026780972851 0
-0.5254736122252097 0.8793619434871792 0
0.4000047199669216 -0.004650827613200126 1
0.708635295668669 0.6247343473639392 0
0.521149709743739 0.7498938957502818 0
1.545411537661823 -0.38060200141869827 1
-0.7940126716371328 0.6709268382438777 0
0.23455789087657752 -0.06776001911789678 1
1.7301913423551185 -0.26030222556054955 1
-0.17449179073705107 0.8848403049655188 0
1.7326614091695467 0.25594853619434943 1
1.4009523463003886 -0.6981353108760422 1
0.1524662888444585 -0.009420937415126174 1
2.1530318464761438 -0.30743392408007 1
0.2616680815363501 0.8569976962117066 0
-1.1729123944404727 -0.06739650580271878 0
1.1424834770027439 0.45455364172131846 0
0.07575574011124851 0.9812000660825971 0
-0.28875699497158513 0.9793015471033071 0
1.7605375962936889 -0.01338347933413725 1
0.04214989666404244 0.2977998626534256 1
0.8172193074264799 0.680893843761665 0
0.8474636837795105 0.8030806284290052 0
1.6341780263605483 -0.44784810088300253 1
1.9041207158483406 0.43718263654164463 1
0.2830673700574002 -0.19025796116923363 1
-0.05747240176978613 1.074432763145893 0
0.7301290922957935 0.4195385493741237 0
1.9086540164447392 0.39386153924555933 1
-0.017103356187448182 0.13413080766150878 1
-0.0823072640326648 0.7373539129851683 0
1.5528437619205855 -0.07155169124133756 1
-0.31513964397063693 0.6978494758891081 0
-0.80642102977901 0.025238084629632507 0
1.1519413954284072 0.35259425710642045 0
0.17433588782557882 0.2695192099381904 1
-1.135958149362477 0.1693171596502331 0
1.9151226625060105 -0.26950942796805943 1
0.09732209828827904 -0.06935581738370868 1
0.7851637452959914 0.15445175193917035 0
-0.014670470141513403 0.917126399373106 0
0.44753453081062144 0.4432348980701268 0
1.6539561618831928 0.3401774361274854 1
1.9959514302327042 0.5424596791361433 1
1.0435822717236303 0.8720834699279111 0
-0.7582549642316121 0.5313399854667317 0
0.6103014896213016 -0.41030783852106306 1
-0.23147642363369642 1.0491304977537053 0
0.9255507275996641 -0.5692971282268583 1
-1.0008373114705724 0.5422542129997043 0
0.7686210792911844 0.20677650569166883 0
-1.1389701431233734 0.1580950392734411 0
1.3901331819617937 -0.6777403118935588 1
0.08384153375357739 0.048678460445601826 1
0.8136285816651027 0.08010709591917925 0
0.07198297215431665 -0.5593329046771993 1
-0.4539068745216027 1.0451213946295974 0
0.7153170007727407 -0.41942764961737833 1
1.0249621848379988 -0.32599290158177346 1
1.3737316497626328 0.3546014908276517 0
0.2713258953923358 0.981371552390074 0
1.2852237185695805 -0.7840117612417036 1
0.6739253832045099 0.8072948147287371 0
0.9197681915898914 -0.39129672089930234 1
0.9609123313377976 -0.3723242036091382 1
-0.05693423868358499 -0.12993137324919202 1
-0.7169015536741437 0.4568493193727669 0
1.9094898612873432 -0.1678645535030195 1
-0.44413455185174 1.206327764988945 0
0.9957577973259899 0.49249544663824996 0
0.08974772369759658 1.0480885602032868 0
1.8249501919641844 -0.27044397007076887 1
0.3644090858377698 -0.6362269706667187 1
2.1024955321909835 -0.2319536081125575 1
0.8893510547338092 0.5652623024498359 0
1.8363208461289902 0.21429428521724816 1
0.4513692613700664 0.8829370802755104 0
-0.6168696912664108 1.1438536868123346 0
-1.134800876561943 -0.0557216569101206 0
-0.6067858420059611 1.0528096231494066 0
-0.5912648396032479 1.162615850323965 0
-0.949577866958747 0.1353431929288716 0
-0.7594522171296619 0.12121557902226218 0
1.85272412283591 0.2149407367438948 1
0.671405657141949 -0.1838290452645357 0
1.6714908810641975 0.44131299518309663 1
0.9111460231571094 0.2857783446213526 0
1.2868002810158912 -0.7546889640223007 1
0.8705221090015107 -0.6366853622223911 1
0.9661342331101126 0.8730583852106797 0
0.29045934881490465 0.3715965659442032 1
0.6961452637254081 0.8047296390577354 0
0.4097573408932931 0.6021778832551209 0
-0.6593965294539321 0.973179497990645 0
2.029761500263487 0.2973519852239609 1
0.22864286968726708 -0.16621077198654932 1
-1.0347066340837718 0.5083933213617211 0
1.6839389888844207 -0.26612778870788406 1
0.4918243583312738 0.9108489293743585 0
0.8808405744760147 0.7233676480497415 0
1.5791697509064364 0.028711928235135423 1
0.17145498497479952 0.797901162929558 0
-0.43897580054240337 0.7457940330532722 0
0.9252575823125325 -0.2783827480628048 1
1.2056882304617862 -0.026645513120566178 1
0.6414586380727341 0.18959533658721117 0
0.3733970974282192 1.0205216555086918 0
-0.12678826439624105 1.1072262922146396 0
-0.8769026504885558 0.5933673877026527 0
0.3418066682149881 -0.37362407517132645 1
0.8294207971157374 -0.05043808737867475 1
0.834115102505455 0.1455348015236585 0
1.7649036058682162 0.22305787527356735 1
-1.1752189404191353 0.011468288609996106 0
0.913554774446575 0.0032481602192608316 0
0.5325119700332117 -0.3438288789952885 1
-0.09675337277382715 0.49513314053600566 1
-0.2979956344164592 0.8764192457650085 0
-0.5883925926556041 0.9412613886171679 0
1.710466762027786 -0.18297790557598437 1
0.583085041407755 0.8026727582948199 0
1.527983029664756 -0.2337847253711859 1
-0.4145090468112267 1.2013767864277898 0
-0.7163795097221705 0.8688517633281223 0
0.4579440648646319 -0.15625221422817442 1
0.4214661497026219 0.9748513605072636 0
0.4301663332485989 -0.33069585938678064 1
-0.22181738179607718 0.353572144014459 1
0.9814464061394845 -0.7112697467528191 1
-0.3761071523424698 0.8368544337745693 0
1.3636534471789343 -0.1825417436098879 1
-0.2142123832517176 1.0015279607001708 0
0.8352152562049504 -0.3390940258909676 1
2.086143994488623 0.5740140074958984 1
0.2127873387401808 1.2750312671813786 0
-0.2471711651899019 0.9950010056479324 0
1.501271111639238 -0.4644656396595568 1
1.1378268356762768 0.2341316901534099 0
0.9046919759322534 0.3505979479406581 0
-0.0476343639434819 0.27371198894980137 1
-0.1925095403110778 0.14546623209552545 1
-1.1859466305675959 0.1311517007311147 0
0.4521021230759145 0.5560574559677052 0
-0.8690758334024761 0.28923564313139566 0
1.1358111536944198 0.2566321704804873 0
-0.3658435054242424 0.9916275093649893 0
1.062859218319325 -0.6086400765699599 1
0.5581697151513476 -0.5820936630141236 1
0.19583813949301268 0.27746001806941084 1
-0.6854413593847841 0.5244528391859286 0
-0.27859105265863465 0.5380895392919101 0
-0.7552525879968213 0.7919707281828496 0
0.18865541756953658 0.735908405844693 0
0.021401938440917007 0.6893190731704071 0
2.215712851369747 0.20779395269707335 1
-0.6083686011826739 0.6498674403846091 0
1.3787956874099896 -0.4083212626398238 1
1.1255381611564212 0.008274219607165324 0
-0.893965503424416 -0.0018313047221061862 0
0.4910553165740961 -0.04144324438954289 1
0.2977674767702858 1.0077056275230691 0
-0.86110905089168 0.6702096372485392 0
0.9425175727780084 0.4273005389116423 0
0.5866088460675519 0.46195467959259706 0
-0.9922146959006304 0.3791379905093343 0
0.19250947385343153 0.7818076547242421 0
1.7363419758351089 0.3435064507096321 1
0.45799401353777325 0.8848028230453571 0
-0.4891916073938726 0.5115774121979719 0
1.8445340364943141 -0.04187502867053201 1
0.08308440395295874 0.9219979478879402 0
-1.1012038412281977 0.5280559014683431 0
2.0958137703751425 0.4949576390909787 1
-1.1766333404414402 0.2513811354034056 0
0.9342663726357 0.3792569040671994 0
-0.10722389197370251 0.9302290918153532 0
-0.05994907782931777 0.9769005689428314 0
-1.1730597131909906 0.15392851327040424 0
-0.33398206786144713 0.8559189409162911 0
-0.09301859718631476 1.1136557562801626 0
-0.027125577884128747 0.8053992635875573 0
-1.1334247694947193 0.24782842585372383 0
-0.20415420853957145 0.19271928328200497 1
0.030889040218018457 0.9538394327808971 0
1.1283210398044459 -0.4856078109785783 1
0.7926228871251482 0.5853337621055597 0
0.013253128007058523 1.0393281185386163 0
1.3687365630868968 -0.01392539646222768 0
1.201614722338954 -0.47962788587456984 1
1.7809476639324076 -0.2934221633166064 1
-1.0032429560999865 0.28988119522465194 0
0.6440592014745754 -0.6479182125306524 1
1.9149197191822402 0.09212772435086541 1
1.060641856864568 0.3695190554044394 0
0.20989900783145013 0.29423134342849094 1
0.47579065523007213 -0.2548392525763219 1
1.5942995346815052 0.6129160556518847 1
-0.7218692801278248 0.6759401687088467 0
0.14586125990573268 0.44100782217146683 0
0.03513409128342217 -0.22977054433319122 1
0.8712630185613974 0.6371585433447989 0
1.0330772519398408 0.6048410241836703 0
1.7983997904596538 -0.49272732555631676 1
-0.24330951849243698 0.7409564409414642 0
1.1412188094972584 -0.5075561622496574 1
-0.23158772268913724 0.7623078747870271 0
0.993778636718562 0.08964980334496808 0
0.22075575296628436 0.8972539571326246 0
-0.3005578271304812 0.8752859600449177 0
1.5952663319901583 0.08733837307396294 1
1.4394364040710268 0.25119089913415205 0
0.893569127100686 0.2504089528845107 0
0.849778190545085 0.4373438007024201 0
-0.7440733920468169 0.9477167608288019 0
0.09598541795351406 0.30060063955558375 1
-0.012526291767160191 1.0632912879199052 0
0.29281528453835964 0.494846244300995 1
1.6358763886497116 -0.6067391266692378 1
0.4317579726677162 -0.04859711140780634 1
0.8292299252839107 -0.27525642110260873 0
0.5306775036429737 0.6419226491616914 0
-0.17662864591258176 0.9877901103707594 0
0.5200049854226033 -0.5082063125959169 1
0.33583479708899405 1.1334371462402424 0
0.86835968615146 -0.4245632641193515 1
1.9815536463689438 -0.4248001452460301 1
0.5337634757743899 0.8760912457276437 0
-0.06972958627299669 0.3964120055768921 1
0.8893795749548175 0.5141859612514906 0
1.544819722179683 -0.25969775877972245 1
-0.35556309403275055 1.0861168818713132 0
0.6883259793890173 -0.21602049162468365 1
1.6887337532103572 0.2778713498058532 0
1.7761579680426802 -0.1859370478112279 1
-0.5387245911480958 0.4568090347091507 0
0.576839893764278 1.0028653190539234 0
-0.43749814888636185 0.7404559890118678 0
-1.1069303984477583 0.6431130855930749 0
1.6945328331198797 0.5537756588413589 1
1.442746719663651 -0.040791838070804345 1
-0.9453324258419413 -0.12016574881109329 0
0.9574405589587979 0.3758280997819663 0
2.136750108871479 -0.25538556774128945 1
0.4289744885554938 0.7100979298913643 0
-0.9132588456999877 0.6452764764685658 0
-0.30805075657480585 0.9724917075854461 0
-0.8735387283007364 0.6927034518624154 0
0.10868560929411201 -0.12003900446615418 1
1.04321831189305 -0.4382253743166433 1
0.2831131016660068 0.8580276402074725 0
-1.1938723216670475 0.33504165982660017 0
1.811525612247091 0.1643367549077678 1
0.4030995858447615 -0.4325018484078909 1
0.6906045016507857 -0.13036123566389007 1
1.488776570241309 0.05448339280600181 1
-0.9183892250162573 0.4247406041922169 0
0.46187251145031477 0.7580308477188272 0
1.9162038461208921 0.037844538224095114 1
-0.7120008585259983 0.8752680071160466 0
0.18928671692369176 -0.1694047521013951 1
0.8463171842872839 -0.5563397552590252 1
1.8046094400452075 0.006959631923218967 1
0.64457612481037 -0.4715795844989651 1
1.1664594991759432 -0.22929260274000393 1
0.808061578847563 0.6357325200137273 0
-0.0993310942214895 0.16211843879863497 1
1.902691067369685 0.1674514787801075 1
-1.2211981308525228 0.1821666652718965 0
0.09770838174090775 0.14303760581111835 1
0.040935660107065286 -0.4705500374417154 1
0.43416407311460936 -0.4292066697632629 1
1.4385484208475459 -0.5525353395438227 1
0.34846093232218645 0.11981581175039235 1
-0.01560997510509795 1.0233527494581665 0
-1.138307242068764 0.38627302479304515 0
-0.19187259830693515 0.13176896389484188 1
1.6587970990726215 -0.7355708049687015 1
0.9384137631913647 0.41886699965583496 0
1.282969719552599 -0.5530903327673127 1
-0.6759758239648465 0.8030193646402076 0
0.542039982579245 -0.1366918480290662 1
1.5480587502848497 -0.5306312977411428 1
1.989909874366554 -0.003750048810514023 1
0.8191500886623806 -0.5141909510882862 1
1.9321203533436344 0.13022303635808624 1
0.02319592706616575 0.27170917368134884 1
-0.6933333175974261 0.8046250006571265 0
-0.7083484941670097 0.9182387882946256 0
2.3397163853083836 0.05265041297692752 1
0.6081795024188932 0.7134040436455964 0
0.33360201385489535 0.5682434763080276 1
0.4798306468435236 -0.27771619780670104 1
0.6351736526331072 0.8244262594077051 0
0.6548851615929342 -0.24379186695007005 1
-0.6368205888868383 -0.16525526185992398 0
1.5108384878854344 -0.5851804192494611 1
1.6077933605487746 -0.27374598004694894 1
-0.032739286085213315 -0.1732918456033279 1
0.36028304709189235 0.7135851014436088 0
-0.6107902345330382 1.0103825684671282 0
1.0626739893156727 -0.15956300502649115 0
0.6377293220844322 -0.2015775375303901 1
-0.3333719705325269 0.932891111225729 0
0.3374973223132618 -0.7404090250537132 1
0.621237219560298 0.49139939384452513 0
